Losing list:
-------------------------
0.5,0.1,0.6,0.3,0.5,0.1,0.7,0.1,0.1,0.1,0.1,0.1,0.1,0.1,0.1,0.1,0.1,0.1,0.1,0.1,0.1,0.1,0.1,0.3,0.5,0.1,0.1,0.1,0.1,0.1,0.02,0.1,0.4,0.1,0.6

0.1,0.2,0.1,0.1,0.1,0.1,0.1,0.1,0.3,0.3,0.1,0.1,0.5,0.5,0.1,0.1,0.1,0.8,0.4,1,1,0.1,0.1,0.1,0.1,0.001,0.001,0.001,0,0,5,6,0,67,0.0001

4,5,8,7,2,3,0.1,0.1,0.1,0.001,8,8,8,8,1,1,1,0.001,0.0001,0.1,0,30,30,45,23,21,20,45,45,1,1,1,1,1,1,1,1,34,26,23,23,1,1,35,33,1,45,1,1,1,1,1,1,1,1,1,1,1,1,1,1,1,1,1,1,35,36,48,1,39,10,0,1,24,33,1,1,1,1,12,12,12,12,12,12,0,10,3,3,24,28,20,0,0,1,10,6,5,5,10,0.001,0.596899999999981,0,0,0,0,0,0,0

0,50.0,62.0,12.0,14.0,10.0,30.0,15.0,0.0,0.0,0.0,0.0,0.0,0.0,0.0,0.0,0.0,0.0,0.0,0.0,0.0,0.0,0.0,0.0,0.0,0.0,0.0,0.0,0.0,0.0,0.0,0.0,0.0,0.0,0.0,0.0,0.0,0.0,0.0,0.0,0.0,0.0,0.0,0.0,0.0,0.0,0.0,0.0,0.0,0.0,0.
0,0.0,0.0,5.0,5.0,5.0

0.0,0.0,0.0,0.0,0.0,0.0,0.0,0.0,0.0,0.0,0.0,0.0,0.0,0.0,0.0,0.0,0.0,0.0,0.0,0.0,0.0,0.0,0.0,0.0,0.0,180.0,0.0,0.0,0.0,0.0,0.0,200.0,0.0,0.0,0.0,0.0,0.0,0.0,0.0,0.0,0.0,0.0,0.0,0.0,0.0,0.0,0.0,0.0,0.0,0.0,0.0,0.0,0.0,0.0,0.0,0.0,0.0

0,3.0,5.0,2.0,1.0,43.0,6.0,5.0,3.0,2.0,7.0,8.0,5.0,5.0,5.0,5.0,5.0,1.0,1.0,1.0,1.0,1.0,1.0,1.0,1.0,1.0,1.0,1.0,1.0,1.0,0.0,0.0,0.0,50.0,1.0,90.0,9.0,1.0,1.0,1.0,0.0,0.0,0.0,90.0,90.0,1.0,1.0,1.0,0.0,0.0,0.0,
0.0,0.0,0.0,0.0,78.0,78.0,90.0,90.0,0.0,0.0,0.0,0.0,0.0,0.0,0.0,0.0,0.0,0.0,0.0,0.0,0.0,0.0,0.0,0.0,0.0,0.0,0.0,0.0,0.0,0.0,0.0,0.0,0.0,0.0,0.0,0.0,0.0,0.0,0.0,0.0,0.0,0.0,120.0,50.0,35.0,0.0,0.0,0.0,0.0,0.0,0.0,0.0

0.0,0.0,0.0,0.0,0.0,0.0,0.0,0.0,0.0,0.0,0.0,0.0,0.0,0.0,0.0,0.0,0.0,0.0,0.0,0.0,0.0,0.0,0.0,0.0,0.0,0.0,0.0,0.0,0
.0,0.0,0.0,100.0,100.0,100.0,50.0,0.0,0.0,0.0,0.0,0.0,0.0,0.0,0.0,0.0,0.0,0.0,0.0,0.0,0.0

0.0,,0.0,3.0,4.0,5.0,0.0,1.0,4.0,0.0,1.0,1.0,1.0,1.0,1.0,1.0,1.0,1.0,0.0,0.0,0.0,0.0,0.0,0.0,10.0,10
.0,10.0,100.0,0.0,0.0,0.0,0.0,50.0,0.0,0.0,50.0,150.0,0.0,0.0,0.0,0.0,0.0,0.0,0.0,0.0,0.0,0.0,0.0,0.0,0.0,0.0,
0.0,0.0,50.0,50.0,0.0,0.0,0.0,0.0,0.0,0.0,0.0,0.0,0.0,100.0,100.0,0.0,0.0,0.0,0.0,0.0,0.0,0.0,0.0,0.0,0.0


Winning list:
-------------------------
0,0,0,0,0,0,0,0,0,0,0,0,0,0,0,0,0,0,0,0,0,0,0,0,60,65,1,1,1,1,1,78,78,1,1,1,1,90,1,1,1,1,1,1,1,89,50,1,1,1,1,1,1,1,1,1,1,1,50,1,20,10

0,0,0,1,0,2,2,0,0,0,0,1,10,0,0,0,0,50,0,0,15,15,0,0,70,99,10,10,10,10,10,10,10,50,50,0,0,0,0,0,0,0,0,0,0,0,0,0,0,0,0,0,0,0,0,0,0,0,100,10,50,50,5,0,0,0,0,0,0,0,50,0,0,0,0,90,0,0,0,0,0,90,0,0,0,50,0,0,0,0,0

0,0,0,0,0,0,0,0,0,0,2,1,0,0,0,0,0,50,5,5,5,5,5,5,5,5,5,0,0,0,0,0,0,0,0,100,100,0,0,0,100,30,50,0,0,0,0,0,50,0,0,0,0,0,4

0,1.0,1.0,1.0,1.0,1.0,1.0,1.0,1.0,1.0,11.0,0.0,0.0,0.0,0.0,0.0,0.0,0.0,0.0,0.0,0.0,0.0,0.0,0.0,0.0,0.0,0.0,0.0,0.0,90.0,50.0,50.0,78.0,80.0,90.0,0.0,0.0,0.0,0.0,0.0,0.0,0.0,0.0,0.0,0.0,0.0,0.0,0.0,0.0,0.0,0.
0,0.0,0.0,0.0,0.0,0.0,0.0,0.0,0.0,0.0,90.0,0.0,80.0,0.0,80.0,0.0,0.0,0.0,0.0,0.0,0.0,0.0,40.0,0.0,3.0

0.0,0.0,0.0,0.0,0.0,0.0,0.0,0.0,0.0,0.0,0.0,0.0,0.0,0.0,0.0,0.0,0.0,0.0,0.0,0.0,0.0,0.0,0.0,0.0,0.0,0.0,0.0,0.0,0.0,0.0,0.0,0.0,400.0,0.0,0.0,0.0,0.0,0.0,0.0,0.0,0.0,0.0,0.0,0.0,0.0,0.0,100.0,0.0,0.0,0.0,0.0,0.0,0.0,50.0,50.0,0.0,0.0,0.0,0.0,0.0,0.0,0.0,0.0,0.0,50.0,50.0,0.0,0.0,0.0,0.0

0,0.0,0.0,0.0,0.0,0.0,0.0,0.0,0.0,0.0,0.0,0.0,0.0,0.0,0.0,0.0,0.0,0.0,0.0,0.0,0.0,0.0,0.0,0.0,0.0,0.0,0.0,0.0,0.0,0.0,200.0,100.0,0.0,0.0,0.0,0.0,0.0,0.0,100.0,0.0,0.0,0.0,0.0,0.0,0.0,0.0,0.0,100.0,0.0,0.0,0
.0,0.0,100.0,0.0,0.0,0.0,0.0,0.0,0.0,0.0,0.0,0.0,30.0,30.0,0.0,0.0,0.0,50.0,50.0,0.0,0.0,0.0,0.0,0.0,0.0

0.0,0.0,0.0,0.0,0.0,0.0,0.0,0.0,0.0,0.0,0.0,0.0,0.0,0.0,0.0,0.0,0.0,0.0,0.0,0.0,0.0,0.0,0.0,0.0,0.0,0.0,0.0,0.0
,0.0,0.0,0.0,0.0,0.0,0.0,0.0,300.0,70.0,0.0,0.0,0.0,0.0,50.0,0.0,0.0

0.0,0.0,0.0,0.0,0.0,0.0,0.0,0.0,0.0,0.0,0.0,0.0,0.0,0.0,0.0,0.0,0.0,0.0,0.0,0.0,0.0,0.0,0.0,0.0,0.0,
0.0,0.0,0.0,0.0,0.0,0.0,0.0,4.0,5.0,100.0,50.0,50.0,200.0,0.0,0.0,0.0,0.0,0.0

0.0,0.0,0.0,0.0,0.0,0.0,0.0,0.0,0.0,0.0,0.0,0.0,0.0,0.0,0.0,0.0,0.0,0.0,0.0,0.0,0.0,0.0,0.0,0.0,0.0,0.0,0.0,0.0,0.0,0.0,0.0,0.0,0.0,0.0,250.0,50.0,50.0,50.0,0.0,0.0,0.0,0.0,0.0,0.0,0.0,0.0,50.0,0.0,0.0

0.0,0.0,0.0,0.0,0.0,0.0,0.0,0.0,0.0,0.0,0.0,0.0,0.0,0.0,0.0,0.0,0.0,0.0,0.0,0.0,0.0,0.0,0.0,0.0,0.0,0.0,0.0,0.0,0.0,0.0,0.0,0.0,0.0,0.0,0.0,350.0,0.0,0.0,0.0,50.0,0.0,0.0,0.0,0.0